10.0X 0 5
10.0X 1 20
.0.0X 0 5
.0.0X 1 20
10..X 0 8
10..X 1 13
.0.0. 0 18
.0.0. 1 18
1..1X 0 12
1..1X 1 9
00..0 0 2
00..0 1 1
X1..X 0 11
X1..X 1 12
X1.0X 0 21
X1.0X 1 2
10.10 0 8
10.10 1 18
.0.XX 0 18
.0.XX 1 10
.0..X 0 8
.0..X 1 20
00.00 0 20
00.00 1 18
....X 0 13
....X 1 20
X0.0X 0 3
X0.0X 1 7
XX.XX 0 15
XX.XX 1 17
0..1. 0 4
0..1. 1 4
00..X 0 20
00..X 1 16
.1... 0 5
.1... 1 8
1..1. 0 11
1..1. 1 10
01.00 0 1
01.00 1 17
10... 0 20
10... 1 10
.1.XX 0 10
.1.XX 1 13
X0..X 0 17
X0..X 1 11
11... 0 2
11... 1 1
...1X 0 4
...1X 1 6
.1.0X 0 6
.1.0X 1 18
.1.0. 0 10
.1.0. 1 9
0..1X 0 2
0..1X 1 8
11..1 0 4
11..1 1 13
1..00 0 10
1..00 1 15
11.0. 0 14
11.0. 1 10
.1..X 0 12
.1..X 1 6
11.00 0 9
11.00 1 5
1..XX 0 9
1..XX 1 8
0..0X 0 16
0..0X 1 13
1.... 0 9
1.... 1 1
01... 0 9
01... 1 1
X1.XX 0 8
X1.XX 1 14
1...X 0 21
1...X 1 13
X...X 0 15
X...X 1 20
10.0. 0 19
10.0. 1 8
.1.1. 0 18
.1.1. 1 14
0..0. 0 15
0..0. 1 19
10.00 0 10
10.00 1 20
...0X 0 6
...0X 1 12
11.0X 0 21
11.0X 1 13
11..X 0 6
11..X 1 1
01.XX 0 12
01.XX 1 11
X0.XX 0 21
X0.XX 1 8
...XX 0 15
...XX 1 9
00.0. 0 14
00.0. 1 10
.1.1X 0 12
.1.1X 1 5
00.XX 0 16
00.XX 1 15
1..10 0 14
1..10 1 10
10.1. 0 15
10.1. 1 5
0...0 0 12
0...0 1 5
0..XX 0 1
0..XX 1 4
11.11 0 19
11.11 1 1
01.1X 0 3
01.1X 1 5
11.1X 0 6
11.1X 1 19
01.0X 0 14
01.0X 1 14
X..XX 0 20
X..XX 1 13
1..0X 0 12
1..0X 1 4
01.0. 0 1
01.0. 1 12
0...X 0 18
0...X 1 20
10.01 0 7
10.01 1 9
00.1X 0 1
00.1X 1 2
11..0 0 2
11..0 1 14
00.1. 0 4
00.1. 1 19
1..0. 0 11
1..0. 1 15
11.XX 0 14
11.XX 1 16
0.... 0 17
0.... 1 14
10.XX 0 7
10.XX 1 16
00.0X 0 1
00.0X 1 8
..... 0 8
..... 1 12
10.1X 0 3
10.1X 1 11
1...0 0 21
1...0 1 12
11.10 0 6
11.10 1 14
10..0 0 5
10..0 1 2
11.1. 0 14
11.1. 1 13
00... 0 8
00... 1 16
01.10 0 17
01.10 1 12
10..1 0 17
10..1 1 16
01..X 0 8
01..X 1 8
01.1. 0 18
01.1. 1 11
X1.1X 0 15
X1.1X 1 5
.0.1X 0 20
.0.1X 1 1
11.01 0 4
11.01 1 18
1...1 0 13
1...1 1 5
01..0 0 19
01..0 1 10
.0... 0 14
.0... 1 18
